Lidiomars-iMac:matriz_seq lidiomarfernandomachado$ ,/main_matriz 100x100-mat1,map 100x100-mat2,map
0,004800
0,004732
0,004456
0,004974
0,004807
0,004587
0,004486
0,004763
0,004649
0,004585
Lidiomars-iMac:matriz_seq lidiomarfernandomachado$ ,/main_matriz 500x500-mat1,map 500x500-mat2,map
0,838729
0,821554
0,825794
0,827458
0,829600
0,825579
0,821257
0,825308
0,823065
0,826896
Lidiomars-iMac:matriz_seq lidiomarfernandomachado$ ,/main_matriz 1000x1000-mat1,map 1000x1000-mat2,map
12,734327
12,529132
12,574765
12,542196
12,487070
12,533071
12,528703
12,520453
12,586071
12,556046
Lidiomars-iMac:matriz_seq lidiomarfernandomachado$ ,/main_matriz 1500x1500-mat1,map 1500x1500-mat2,map
35,316794
35,299843
35,295907
35,277677
35,345407
36,014938
35,227874
35,409961
39,933288
39,943582
