Lidiomars-iMac:matriz_thread lidiomarfernandomachado$ ,/main_matriz_thread 100x100-mat1,map 100x100-mat2,map
Threads: 2
0,002096
0,002326
0,002043
0,001960
0,001858
0,002084
0,001932
0,002042
0,002411
0,002497
Threads: 3
0,002560
0,004360
0,001584
0,001784
0,001429
0,001430
0,001914
0,002266
0,001527
0,001435
Threads: 4
0,002268
0,001795
0,001975
0,002077
0,001952
0,001887
0,001965
0,001908
0,001160
0,001167
Lidiomars-iMac:matriz_thread lidiomarfernandomachado$ ,/main_matriz_thread 500x500-mat1,map 500x500-mat2,map
Threads: 2
0,323292
0,330886
0,327525
0,324421
0,327514
0,334398
0,324254
0,326565
0,332286
0,322224
Threads: 3
0,241089
0,229767
0,237032
0,234480
0,232436
0,233842
0,235916
0,239276
0,238420
0,243988
Threads: 4
0,210008
0,209274
0,210149
0,208245
0,204938
0,202942
0,204977
0,222816
0,202374
0,204780
Lidiomars-iMac:matriz_thread lidiomarfernandomachado$ ,/main_matriz_thread 1000x1000-mat1,map 1000x1000-mat2,map
Threads: 2
6,063454
6,297043
6,062152
6,066803
6,076390
6,395494
6,467394
6,255389
6,034425
6,155966
Threads: 3
4,370149
4,607293
4,724557
4,463615
4,296848
4,242391
4,337956
4,496505
4,226950
4,334584
Threads: 4
3,693712
3,730985
3,684366
3,611865
3,843629
3,806679
3,786251
3,697733
3,718600
3,684126
Lidiomars-iMac:matriz_thread lidiomarfernandomachado$ ,/main_matriz_thread 1500x1500-mat1,map 1500x1500-mat2,map
Threads: 2
17,135072
17,043120
17,517557
17,342646
17,308245
17,155115
17,263727
17,761418
17,969712
17,802462
Threads: 3
12,359014
12,515175
12,274691
12,473341
12,061489
12,068894
12,262096
12,339840
12,022289
12,373801
Threads: 4
11,668562
11,608061
10,937560
10,901002
11,752239
11,388541
11,736663
11,389929
11,100950
11,176863